2.196955914625799144e-03,-2.252303124350604454e-04
-2.503434085464499581e-02,-3.519987982282769476e-04
-2.915413683728191457e-02,-3.359907877599110221e-02
-6.259455003602791556e-02,4.339979220131707366e-02
-8.731405801996218463e-02,-3.250958034330980045e-02
1.808383762023932362e-02,-6.769401355495602290e-02
-7.883562914841506578e-04,-4.622363322110729575e-03
-9.839518781406132730e-03,-7.070405624088820645e-03
-2.544583909232484703e-02,-8.809524481966118925e-03
-4.262069084727310164e-02,-1.915823720624528631e-02
2.595080960175593157e-03,-1.433916934462627427e-03
2.295828034606812833e-03,-5.215800234752744624e-04
-1.444592917781654245e-03,-1.277620673693797074e-03
-1.941547153974131426e-02,-2.466860351945029516e-03
-2.059237735600731589e-02,-7.288166976148504478e-03
-1.951936363464215271e-02,9.555738242999003984e-03
-3.216593187809424492e-02,4.542405981532665615e-02
-2.004073729284428645e-02,-4.614170318814332650e-02
-2.532200159942550599e-02,-2.881788137404570939e-03
2.187858197425292250e-03,-1.941251167939288193e-04
2.195888312734479812e-03,-2.181119552658546991e-04
-4.655478320330129482e-02,4.752084501509114267e-02
-3.063027162808767620e-02,7.684314475161513336e-02
-9.491601724676335117e-02,3.436571109200218990e-03
-7.517100744198547922e-03,2.303963289912366180e-02
-2.345702094710330754e-02,7.457043454844949903e-03
-2.939397450209663837e-02,1.551149492284317408e-02
-8.730703455562661974e-02,6.408032218722863049e-02
-2.465884491893565247e-02,-1.036353650765040740e-02
7.243333495935234956e-03,4.926623555635446794e-02
4.424914393383085065e-04,1.340563190226046848e-03
-2.448133704346559109e-02,-4.925780123598581806e-02
-5.023121010757037458e-02,4.992095287241088419e-02
-5.346740691420086289e-02,1.514879013738110874e-02
-2.113424179508482242e-02,-7.762244903186502759e-03
-2.832291436851094163e-02,-1.503403769040632942e-02
-5.156971280977813710e-02,1.887336382413776770e-01
-9.356500172883684685e-02,5.149894545535011608e-02
-3.139831819215276043e-02,-7.022043879575391202e-03
2.216264343680569154e-02,-4.453054275445788267e-03
-2.087333215078081977e-02,-2.622603599153934539e-02
6.557434035385016624e-02,5.134524852842635434e-02
-4.256690584880097605e-02,-3.484052588961528141e-02
-8.664645482966137902e-03,-4.967936207824499850e-03
-5.006213486988993211e-02,-5.577232593884403483e-02
-6.152828154603852233e-03,-1.236596528446534974e-03
-1.105418756747913039e-01,-5.634472566674224303e-02
-1.692294048876903656e-02,3.507536499144589710e-03
2.198093805640261023e-03,-2.194408871416738695e-04
-1.898612820299079573e-02,1.714467636366362804e-02
-2.378415092170448053e-02,2.728461206457930346e-02
-6.760202162486195383e-03,-6.404544507060570477e-03
-7.238996972508642339e-03,-5.887809539766919236e-04
-2.657161228146990781e-02,7.422052433943256491e-03
-4.312409136540627796e-02,-2.628525283101846091e-02
-3.056136442547781329e-02,-2.004891423075570028e-02
2.198093805640261023e-03,-2.194743449104602658e-04
-3.960218614828683870e-02,7.665364251947337504e-02
-1.655550424761948608e-02,1.830874415651872339e-02
-3.589856203153640041e-02,7.203728788716060039e-02
-2.178225362382252284e-02,1.447338913991921827e-02
-6.971606059652517284e-02,9.121457705827921980e-02
-2.311898605392746081e-02,1.983304600073843363e-02
-4.324046462917999212e-02,-4.281177472836265874e-02
2.178005156250038300e-03,-2.207228820334565999e-04
-8.535065981051764838e-02,2.277723077146844716e-02
-1.847267007200206063e-02,4.255962611124996381e-02
-2.190940158142273136e-02,-2.289272913089412942e-02
-6.725707418724617692e-02,-1.536425833174276737e-02
-3.465122538811621355e-02,3.799411536461944072e-02
-4.181296634259225320e-02,4.915800859286613422e-02
-2.574096767362809429e-02,1.769401430037317174e-02
-1.927757158618317694e-03,-9.978272585752925167e-03
-1.333901310757770395e-02,-1.276220017136505888e-02
-3.698778722343741554e-02,-1.647921510780394824e-02
-1.434361929751708231e-01,-3.944621437109176176e-02
-1.625601852096015404e-02,1.658350607223731859e-03
-8.520641766933956252e-02,1.024497586678883299e-01
2.198093805640261023e-03,-2.194410151742792205e-04
7.530082571003945957e-02,-1.539490248587963364e-02
-2.148817360668510076e-02,1.452474688158664554e-02
5.153590550966364106e-03,-8.848956489029326244e-02
-7.040689994893503667e-02,-7.054849176117128882e-03
-1.049463192462558869e-02,-1.087361646068297182e-02
2.198093805640261023e-03,-2.194410380802063756e-04
-1.448614862452821117e-02,-3.344241450896079555e-03
-2.134599429004360033e-02,-8.473247258792902629e-04
-5.506996237553235529e-02,-3.006750083756420076e-03
-8.238952647645181315e-03,3.253602118828378097e-03
-2.050751663617974424e-02,4.911934554203720854e-03
-1.740865733557122805e-02,-3.979392636487833618e-02
-1.207804160259892332e-02,-2.992748488237802554e-02
-8.274431296351233978e-03,-2.594007903955991828e-03
-1.038813113086676197e-02,-1.029434814251936614e-02
-6.749104979532173643e-02,-1.419772396068284467e-02
3.589462305815051268e-02,-8.163668042755058141e-02
-9.762940670886895850e-03,-1.178500417075505763e-02
-5.273441648704652041e-02,9.407045034284609863e-02
2.050181595466619641e-02,-7.712857307713083532e-02
-5.395368786151189672e-02,-1.706836515290790710e-02
-1.468150961935755366e-02,1.323571683294105794e-01
2.102850891651310561e-01,3.560475125035157673e-02
-5.225196788699552376e-03,7.088890330289614704e-03
-7.310225275075418749e-02,1.921936791481709123e-02
-1.210600962340017614e-02,-2.080936912483971613e-02
-2.916828245790439866e-02,3.055486605375366468e-02
-8.644249965936569996e-03,-4.647468533590822654e-02
-3.424970581587618614e-03,4.455746448794273458e-03
-1.476475311393963055e-02,-3.709748014517438158e-02
-8.599975895187010611e-03,-9.863114178108307699e-04
-8.041854016856356258e-02,6.986025227723988151e-02
2.198093805640261023e-03,-2.195605988578649276e-04
-4.547227199125045138e-02,-3.978189025416783986e-02
-8.475586379643218135e-03,8.996042486467466237e-03
-3.730982103059750365e-02,9.711971109606053199e-02
-2.612676984197696492e-02,-2.475874392424732770e-03
-1.301450169957601988e-02,1.297865433778534056e-02
-3.849105254698828582e-02,1.940873163336890445e-02
-1.209937246558434598e-02,1.117749565549843935e-02
-3.843795775421791558e-03,1.424565260472182744e-02
-3.453642481812134457e-02,6.888430369165469969e-02
2.861506547067954945e-02,-1.279709388060265018e-01
-7.993376866459189073e-03,-2.648468250263788168e-04
-5.249199375125275513e-02,3.658523016981506115e-02
-3.705187828572257397e-02,-2.126955782823210933e-02
-4.179633670223692476e-02,-4.476317049844984186e-02
1.554673041046880210e-03,-1.280986966464935269e-02
-2.437308597164927065e-02,3.323471826640637949e-02
-1.190188771536158235e-02,1.443409870004539602e-02
7.337487612631504730e-03,5.015760389797219165e-02
-4.466257025505283862e-02,1.739193697530601670e-02
-9.391607471983727876e-03,4.652665512677609666e-02
-4.113233791565359954e-02,-5.940961209541072152e-02
-4.378951355064916728e-02,-2.846949866626707123e-03
-4.693122257089742122e-02,1.586242277790425939e-02
-5.418069098699124925e-02,6.860698757481829835e-02
-3.423714559788553630e-03,-1.271063742867949240e-03
-9.399853419234121057e-03,6.805447963776482291e-03
-2.323709264245205769e-02,-7.645363536190800599e-03
-5.033126327775121200e-02,-6.570781487606719429e-02
-5.029051408923460031e-02,4.961601258222531410e-03
-3.203511662270665424e-03,-9.164604781304683950e-04
-4.048631045979354109e-02,4.584152318517585589e-02
-3.106056100259688146e-02,-4.122735551888797451e-02
-2.160910840655087123e-02,3.134721934250797593e-02
4.075212149945335594e-04,1.201782756242788641e-03
-4.870681031690335394e-02,-3.803011308470995167e-02
-7.051103036174447003e-02,-5.996895484241419882e-02
-1.049577086086196306e-02,-1.479714720705937667e-02
-6.066903636629708378e-03,-3.924599941934955871e-02
-4.088786936607698846e-02,3.659073218501102814e-02
-8.137529019117269169e-02,5.569252797658712228e-02
-2.273488326403286935e-02,-2.550350155459925675e-02
-2.763766714194923479e-02,-2.960436088069201555e-02
-4.765588354634332779e-02,1.380357728240204493e-03
-3.096778340413754160e-02,-2.737977670615818464e-03
2.196955914625448730e-03,-2.252214393865167852e-04
-4.594778177075194148e-02,3.478296285122190259e-03
-2.354273680220577564e-02,-1.682603431455358470e-02
-7.223443704725422687e-02,8.862370490440255738e-03
-2.584491016496125171e-02,3.532953581131504511e-02
-8.019495178681797232e-02,-1.983196437999565701e-02
-2.245042010748147382e-02,-4.997300677302757288e-02
-1.344095576277320146e-02,2.845503062933183586e-02
-5.949818221622799053e-02,-2.574443694607453023e-02
-2.475004209965036422e-02,-5.159072105457338658e-02
2.167057653499825445e-02,6.342327544619326407e-02
-8.262649810386249460e-02,1.439557536664138604e-01
-4.514775466320823660e-02,1.692513700474667510e-02
-3.257218481359620138e-02,-4.207318343335770400e-02
-5.326275089310362337e-02,2.598042585502469918e-03
-2.068394849167633220e-05,-3.202285673386899654e-03
-2.622632234263429576e-02,5.860508655609963924e-02
4.862185946017441585e-02,-9.213750357827074980e-03
-3.707200882667794489e-02,-2.518207165772029521e-02
2.198093805640261023e-03,-2.225751255462484217e-04
-1.548891047173434586e-02,6.795208433307920425e-03
1.674069714027598410e-02,2.849478607336996400e-02
-1.165749353695745040e-02,1.049554774369162169e-01
-2.555390262620633318e-02,-2.261062830793586498e-02
2.198093805640261023e-03,-2.213020661085780469e-04
1.774698099308721910e-02,7.440604696880752378e-02
-2.329415548273655601e-02,-2.436932863154344167e-03
-8.350798399099707003e-02,-5.358281445303438549e-03
-4.379265789048662587e-03,1.176217346407007654e-02
-1.452551308708492292e-02,-2.899035031309921129e-02
-2.993812573637947769e-02,5.408352528608112442e-02
-2.086406154576697647e-02,2.199535459718288122e-02
-4.440164867007481697e-02,2.436011412407191115e-02
1.577308311321112266e-01,6.163743524276771302e-02
9.496975365301503838e-04,-4.902721413824927743e-04
2.198093805640261023e-03,-2.248211473984789419e-04
-4.106395758381833124e-04,-3.422394438401259870e-02
-1.041517926152921159e-02,-2.784976994187602153e-02
-3.719512292394575037e-02,2.087793918097056306e-02
-1.256475818554969939e-02,-1.845872398384418994e-02
-1.776524809434905719e-02,-1.958681906972763870e-02
-3.973950101709661231e-02,1.851295184871781449e-02
-9.233606223537318969e-03,-8.947977676133159197e-03
-4.833229048816834600e-02,-9.842330669610627192e-02
-2.710940987370386024e-02,1.185701988164899676e-02
-6.863104913086189203e-03,1.818168637663660284e-02
-2.757075966224400987e-02,8.240216737258374002e-03
-1.105599188510118097e-02,-1.708244954650980571e-02
-1.530801497508489650e-02,1.883886675253089726e-01
-3.687726188484814760e-02,4.981225776735735342e-03
-1.046704258510883223e-02,3.882510931865540069e-03
-5.270316796011965954e-02,-7.883917646438079463e-02
-7.375849082756449904e-02,4.519610516878386219e-02
-1.534455916400036951e-02,8.598709508960092340e-02
-3.417550108593275793e-02,2.464027321003283214e-02
-8.593406922845586021e-03,4.299131717735037161e-02
-6.712297925507161242e-03,-1.309651482391551618e-03
-1.511752382461768740e-02,1.440662673349802497e-02
-2.674336261662627577e-03,-5.716335283345401735e-04
-3.249954058262789075e-02,-6.484863927103366732e-03
2.164476897948087175e-01,8.451604132513244882e-02
-5.199517140078116495e-02,-2.486427908207210907e-02
2.198093805640261023e-03,-2.240014029571643119e-04
-4.892136051044371214e-02,5.446441446526877062e-02
-2.927024729065626218e-02,5.760777970431767842e-03
-2.104765341051712674e-02,1.739531616291572005e-02
-5.302709611377093291e-02,-4.826106339284808033e-02
2.198093805640261023e-03,-2.248211458626814111e-04
4.147175491462806556e-03,-9.386604357022846831e-03
-3.460875394738297667e-02,-3.436381111310814196e-02
-5.712799101214011133e-02,6.805455090990848721e-03
2.199231696655076784e-03,-2.277157994859098182e-04
-3.447102582582196179e-02,5.777412415291981185e-02
-5.920459385792852663e-02,-6.852447755719232036e-02
2.433250126649119660e-02,-2.722506170191211355e-02
-3.251568159414090081e-02,6.478701545198022049e-02
-2.292078784594915597e-02,-4.940215082574167527e-03
-6.374020467233225407e-03,1.539232029261739659e-02
-2.048220006438655760e-02,8.720429791692884888e-03
-5.918600524453204725e-02,1.217892555902076041e-02
-5.152281926325194550e-02,5.974259543460298111e-02
-1.943837296042991852e-02,-3.390326505326523437e-02
-7.483328822641372585e-03,8.709383315025144220e-03
1.753172299916158638e-01,-5.348845868598344627e-02
-5.477717136856480318e-02,6.745044064581360611e-03
-7.961545285009895279e-02,4.053490903325250583e-02
-2.874975904381293565e-02,1.351197272073603826e-03
4.437364488530187723e-03,-3.483307855794711555e-02
-1.520877953098851744e-02,1.061507791489907544e-02
-5.108154619335997931e-02,-2.482428578676525513e-02
-1.680726323631305183e-02,1.375549137892548811e-02
3.566889667728433827e-02,-2.731557733945446861e-02
-5.876817945267863441e-02,-5.280173988952019393e-02
-2.860890426965601724e-02,2.231224655774217275e-02
-1.745851127270338365e-02,-6.466365114693019278e-02
-3.122873898936165057e-02,6.312092807737365585e-02
-1.441270566741367429e-02,7.720459073996999155e-02
-5.740232109440643327e-02,4.815557812108984051e-03
-2.081085052080636211e-02,6.298818130283696803e-02
-2.211404624166709090e-02,-1.879716721560868720e-02
2.199231696655076784e-03,-2.299913890242614274e-04
-2.415639395126033609e-02,-3.221221308690856711e-02
7.815011696297941360e-03,5.489251020730125108e-02
2.199231696655076784e-03,-2.277156080228961890e-04
-8.716630342703372142e-03,-2.539537625040310873e-03
-2.328199498750214633e-02,-2.227091653254282405e-02
-1.674516460617327465e-02,-3.954960286397282004e-02
-5.662091263640208622e-02,6.850315017266334072e-02
-4.790586037946500432e-03,4.010460756411447780e-03
-1.295485982466395777e-02,-2.209536586586982598e-02
7.686441828328079325e-03,-8.751821659851720045e-03
-5.356216701197923091e-03,1.245715448781535908e-03
-2.257822901122447795e-02,-4.455744935186849165e-04
-3.397679792116704151e-02,2.644915601895411056e-02
-6.782734767319845148e-02,3.885299659842874481e-02
-1.648311357767637264e-02,-1.606214197358309462e-02
-2.800916894763316387e-02,-2.092257455775446348e-02
2.199231696655076784e-03,-2.277156085076282351e-04
-1.369717414247536950e-02,7.258856074957050278e-03
-1.138029403206457651e-01,-1.471196071917659776e-01
4.524885161474199655e-04,1.049495713424533757e-03
-5.396168968459019027e-02,6.581831267998113077e-02
-6.344084671238760242e-02,1.588862853466572328e-02
-2.054486805639160751e-02,-3.562622688594219156e-02
-3.220505558462728735e-02,1.482267705461977336e-01
-3.515891745227471554e-02,4.573071404017975405e-02
-8.978068181658280938e-03,1.012066683816320242e-02
-2.130026801093378233e-02,3.205174692817466114e-02
-7.961265034479945990e-02,7.037534736967243978e-03
-1.249929187150158535e-02,-8.614920223160373730e-03
-4.720320508103248436e-02,-1.299270457380706789e-01
-4.676411469112148889e-02,2.747896204663029252e-03
-4.673721866501848177e-03,-4.938420919625064257e-03
2.199231696655076784e-03,-2.309155964249173419e-04
-4.628261020900330952e-02,-8.889464969895054247e-02
2.199231696655076784e-03,-2.309155949897632629e-04
-1.720376955385580914e-02,-1.991148199085726253e-02
1.008545339066043919e-03,1.196073372925447048e-02
2.199231696655076784e-03,-2.309155989062532251e-04
-3.847796605641218975e-02,7.253953249965290617e-02
1.397024371552224933e-03,1.430471706568879793e-03
-5.596280055757109351e-02,7.254357049796648915e-02
-5.878665491768055029e-03,-7.471445348913841565e-03
-3.173119094819919564e-03,-1.163968593589959945e-02
-9.495309773040902512e-03,-1.435897533142463899e-02
1.612295480198255512e-02,-9.552300048190745518e-02
2.199231696655076784e-03,-2.284455388434925569e-04
3.142663416372861729e-01,1.092247619387494983e-01
-2.090304253641121074e-02,1.769171513317704600e-02
-5.330784246208593313e-03,3.316500309251135554e-03
-1.908904363008771116e-02,-4.733296908779378691e-03
2.147236916709898899e-02,-2.143444318520531123e-03
-7.392431258385004367e-02,9.314981860847015849e-02
-4.271585984097579780e-02,8.485848743669485716e-02
-1.337262252361048898e-02,-2.276750398591280769e-02
-1.235346363450976273e-02,-3.186265976325911020e-02
5.676711156387229118e-02,-1.889174288640045607e-02
-4.845213339373062589e-02,4.521831075607820466e-02
-3.340622381330263929e-02,2.971238416634387324e-03
2.199231696655076784e-03,-2.284455384566205988e-04
-1.136289131803646345e-02,-3.840873662292629970e-02
-8.024822897535885402e-02,-1.053374243293376394e-02
2.199231696655076784e-03,-2.284455358601068830e-04
-1.818161201801908253e-02,1.413793285797108369e-02
-1.495365449883966427e-02,-1.561085993001055591e-02
9.153994743107563697e-04,-4.985513501090006738e-04
-6.139431169298900648e-02,7.978611644812487469e-02
-4.951949572909776498e-02,-7.664056490454505821e-04
-1.273124552632677250e-02,2.640556379217574075e-03
-6.273402989169531846e-03,8.144287818770221815e-03
4.470533567346968717e-01,3.642470693739173482e-02
-2.289441946850286763e-02,-1.480967750418621734e-02
-3.029400273286832895e-02,-3.026404293837817866e-02
-1.254342750605354564e-02,4.036557596910354991e-03
8.201814193323189034e-03,5.864117375924446374e-02
2.199231696655076784e-03,-2.284455265121211728e-04
-4.312365800910662045e-02,7.340276099381878860e-02
2.199231696655076784e-03,-2.272818911149623053e-04
-2.255951862941480909e-02,-8.872477910228651621e-02
-2.686413786524368894e-02,6.763358065531693830e-02
-5.784221593902248715e-02,-1.106830903706878810e-01
2.199231696655076784e-03,-2.272818928550278622e-04
8.916315939525822770e-03,-5.473958485928782577e-04
2.199231696655076784e-03,-2.244398696842687165e-04
2.199231696655076784e-03,-2.289860228251378363e-04
-7.290488845869865821e-03,-6.746146172584919186e-03
-2.712107146479132702e-02,1.012533593019307628e-03
-2.630088320280936712e-02,-1.861168720520712389e-02
-2.644937525134065381e-02,5.797318471127987927e-02
3.890736796273119164e-03,-3.085438256534108110e-04
-3.467798476105291017e-02,2.596048349283138976e-02
-2.577098440417077002e-02,-5.238928139324414840e-02
-1.564813394415722619e-02,-9.721155274783457867e-02
-5.822607695213857792e-02,-5.894077051503573278e-02
-3.944555858426306363e-04,6.498349712335435915e-03
-6.695479375391227839e-02,8.981941863630302225e-02
-3.590197206603053248e-02,-5.978248364757905026e-02
-1.597846085778521080e-02,4.943783668511093042e-03
-6.700943428446305694e-02,1.128484816238598948e-01
-4.953964017696187161e-02,-5.330965246932373169e-02
1.159907207305760184e-03,4.068774712718794726e-04
-1.017914765702358226e-01,-3.289769458059671470e-02
-4.143722268074287451e-02,1.221196065058291480e-02
1.018914336382581616e-03,-6.907083008896310397e-03
-6.936068699179921693e-02,8.191259393484230655e-02
-3.987602638373938246e-02,-2.749282289193434592e-02
2.199231696655076784e-03,-2.288197005226177841e-04
-4.651191940813868136e-02,-5.453853725823706866e-02
1.238540477408083262e-01,-1.110583217067913908e-01
-3.503084997483846275e-02,-5.545790053252924734e-03
-6.306440652507486200e-02,3.631651647334104699e-02
-5.069984183411452294e-02,2.892021835426998241e-03
-4.716990128765516377e-02,1.101645320353321078e-01
5.458898141322027914e-02,-1.513172188348444608e-03
-2.111965396115303428e-02,3.555194740092998515e-04
2.199231696655076784e-03,-2.252286494366670746e-04
2.199231696655076784e-03,-2.288198931766869141e-04
5.185376600498815824e-03,-3.338525006089014882e-03
-2.725721648942617398e-02,-5.103291457861852676e-02
2.089768195949376177e-03,-8.102230045214197762e-05
-9.501581298306846501e-03,-7.399638956145229880e-03
3.485942482217380296e-03,-3.338095666323685371e-04
-7.804062441400409778e-03,-5.935364905145557729e-03
2.199231696655076784e-03,-2.252286485201948814e-04
-3.799850324036480737e-02,-1.144368017292085454e-01
-3.623837654065648062e-02,-5.023072342304719939e-02
-2.241727829019493981e-02,4.577291597442587415e-03
2.199231696655076784e-03,-2.286369107582445891e-04
2.013564029261338817e-03,1.563898486773644377e-04
-3.396641398710682769e-02,-1.964929809756065654e-02
-3.033946844989846015e-02,1.901918949978655127e-02
-4.866695524496848085e-02,-3.094345910592110130e-02
-4.900516012570052538e-02,-2.406437960948145868e-02
5.051086567750742891e-03,-4.570882197569959920e-04
-2.746019663372053360e-02,5.769914785974325500e-02
-2.627122932121109256e-02,1.757111918696368721e-02
2.199231696655076784e-03,-2.291039680753402736e-04
-3.774655962892815853e-02,3.075988476568952343e-02
-9.433527180435224979e-02,-4.451221244427114310e-02
2.199231696655076784e-03,-2.291039690663817239e-04
-7.508059873375473592e-02,-3.045235692509378964e-02
-1.956230755606134034e-02,-2.995856858664126821e-02
-3.638730628430034836e-02,3.732918414298405652e-02
-1.581405165055646891e-02,5.763381855029465345e-03
-1.486156657833845492e-02,-1.426745231077430377e-02
-2.404237710720611744e-03,-3.384351355477354870e-03
-6.816585787337121893e-02,2.486608878415418750e-02
-2.360313263618549900e-02,2.603502491265757401e-03
-3.585298791856662837e-02,2.440534310571532139e-02
1.611855582111828070e-02,4.510760223322840545e-02
1.444836941230491223e-01,4.440216331615126633e-02
-8.211546266351756745e-03,3.322476393267788982e-03
-3.406911048988239821e-02,2.523691836103077873e-02
-4.045721932810136812e-02,4.229052817569320388e-02
-4.559799407538882993e-02,-1.118484600004889321e-02
-7.247282476083864028e-03,-8.401301912944830752e-03
-4.584929636643120254e-02,-6.786034577170772797e-02
-1.715806245453382894e-02,4.419014258982500998e-03
1.179996243710057235e-01,-1.119211706162962644e-01
2.199231696655076784e-03,-2.291039683590573338e-04
-2.495582795185358888e-02,2.382174209532535863e-02
-4.436017706861952042e-02,-3.681559388903453411e-02
-3.329238102746835681e-02,-4.241767219172867115e-02
3.729748377173192162e-03,2.759989592553728976e-04
-7.294621605011980536e-02,8.417192679862961491e-02
-8.192629837775747964e-03,4.487185302253675519e-03
-3.793605323204782276e-02,1.078396347012911156e-02
-9.493080291343047872e-03,-1.942423555416181516e-02
2.199231696655076784e-03,-2.291039689550077062e-04
-4.866045263696670842e-02,8.119079417363414541e-02
-1.099418675449366500e-02,-7.153891960686005469e-03
2.199231696655076784e-03,-2.291039672891510175e-04
-6.476759674766120745e-02,-4.139192575889096004e-02
2.199231696655076784e-03,-2.291039674873158528e-04
-9.577657970985892222e-02,-1.538889293448444662e-01
3.089213205436738309e-03,6.330857403562782648e-02
-2.796778199018368216e-02,-6.302597275432475499e-02
-2.537053054157193538e-03,1.203955513557249807e-02
2.199231696655076784e-03,-2.291039667891516700e-04
-7.247871052458929042e-02,-6.012789161176901320e-02
-5.843379393248972209e-02,-3.496779437078641195e-02
-4.665796190466612800e-03,1.371761285645393610e-02
-2.455348415555086428e-02,1.616103713618185014e-02
-3.363860415034177626e-02,4.689901750443266348e-02
-4.608945700263861883e-02,8.217181739752803249e-02
4.611878370549146733e-03,-3.824879855707612620e-03
2.107241778684090447e-04,-2.923633934735392695e-02
-3.686652604677770340e-02,-7.672763835877774441e-02
-3.922973210831253582e-02,-4.789630358555418965e-02
-5.654127151871555373e-04,9.206303248080411131e-03
2.199231696655076784e-03,-2.291039688515817579e-04
-6.966202295358590868e-02,-1.115039550432406767e-01
-7.507386257421516662e-02,-4.406477251899044989e-02
2.199231696655076784e-03,-2.285377293719754793e-04
-1.151022589337634058e-02,-1.204403001759408965e-03
-3.003697126287964078e-02,-6.867039843618423511e-02
-3.128905034717319872e-02,-9.093509149152042767e-03
-2.283574229444026299e-02,-5.974072101113099553e-02
-2.377789986294565061e-03,-7.737459128001451802e-03
-2.840610845632428674e-02,-4.025510808324326423e-02
-4.037903978067432231e-02,-1.859150412189973511e-02
2.722933240935331706e-02,3.568083233999154447e-02
-8.919563175274775740e-03,4.145686887763955913e-02
-9.158581278674862713e-02,-4.666087346372009559e-02
-1.290027657560849361e-02,-8.955426534910156805e-03
4.028922930316866657e-02,6.440301718338060921e-02
-7.477464295161787011e-02,-4.791625726040059374e-02
-4.017803690581561726e-02,-1.645773441037059331e-02
-4.820620233714850017e-02,-3.763836280427216175e-03
-3.610403207718836799e-03,-1.316429671296308508e-03
-1.637367467649895186e-03,5.268177649444828184e-06
-2.778399366052713287e-02,3.557126114400067929e-02
-2.177018263228011619e-02,-3.346375458046119133e-02
-3.121486747813254775e-02,2.867133253115576597e-02
-1.560488597600622612e-02,-1.422486298189142365e-02
-4.499440999172300837e-02,3.515875108595821474e-02
-1.795360924515591872e-02,-4.300998878169850353e-02
-4.683015264559910185e-02,3.018762810339931102e-02
-3.494117434008967710e-02,-5.855085140631128421e-02
-1.661228650056199158e-02,-2.583495161240378923e-02
-1.542261731864020755e-02,1.266479460305810698e-02
-3.830144664434438628e-02,7.435353693890908722e-02
2.199231696655076784e-03,-2.256792822035807403e-04
-3.496442841906127925e-03,-3.118316972441817492e-02
-1.302293786042480264e-02,2.213306641534161165e-02
-4.898643365932003890e-02,-1.922180564935289590e-02
-3.480923069349113608e-02,4.528922091097781558e-03
-6.132555704343426589e-02,1.839550372560578087e-02
-1.459667263754747119e-02,5.354588192351131086e-03
-1.729754764372326559e-02,-4.077303573869441033e-02
-2.545714488610008319e-02,2.424373171944003286e-02
2.199231696655076784e-03,-2.272646707865135993e-04
-3.367736492358588962e-02,-3.796057652760630868e-02
-2.296770998560268909e-02,-4.803470429331590380e-02
2.199231696655076784e-03,-2.285377287590703533e-04
-7.188596645050087351e-03,-6.751057974035310286e-03
-4.766983091460002576e-03,-1.079266945634130195e-03
-2.617825932951694384e-02,2.983771727270107324e-02
-1.924420625109213648e-02,3.743153108105250204e-02
-3.352647037421925547e-02,3.120089446915813580e-02
7.452618149522284574e-03,6.509664160224350356e-04
-6.821273311155093971e-03,8.511479615273665963e-03
-2.458370152189556790e-02,4.705266431787046705e-02
-4.807996171979049549e-02,1.956987416885961825e-02
-3.991324774367280281e-02,-1.161301251140047647e-02
-4.982668560782128192e-03,2.529282456751935984e-02
-1.547849279890717647e-02,1.449109002349643557e-02
-6.261704945225779473e-02,5.490051708577325940e-02
-4.406936662984024811e-02,-4.476663936475447358e-02
-1.345782115298622267e-02,1.280402429320271276e-02
-5.219083560387802190e-02,3.796616816536026347e-03
-1.201532476904329794e-01,-1.481789674431832071e-01
-2.337615558341416683e-02,-1.778946863430013944e-02
-3.834783816645345560e-03,5.055385583054077155e-03
-1.897527446810023249e-02,1.526968025593977360e-02
-4.551829994155978318e-03,8.625593329276209573e-03
-2.394720790318834863e-02,-1.152062808950117881e-02
1.937761189458512001e-01,3.274822828457019802e-02
2.199231696655076784e-03,-2.256957058979068727e-04
-3.600647287404871999e-02,9.464972068336843444e-03
-9.645424820236493668e-02,1.261019544246040902e-01
2.199231696655076784e-03,-2.291039681708758322e-04
-5.972332068238641462e-02,6.606994970346474760e-03
-3.424535698606722550e-02,-6.339757018811638389e-02
1.355151188120501567e-03,2.228169139900689454e-03
1.581593658135982405e-02,2.575166816366614847e-02
-4.737127387358804065e-02,1.105797673134164411e-02
-4.236462621483491620e-02,4.396301311159535319e-02
-9.548469137367379678e-02,-4.934953664314330191e-02
1.127721617606152436e-02,3.034251733118645961e-02
-4.973747314517928952e-02,7.242560813765319683e-02
-1.232510193425663883e-02,-1.588689479549164818e-03
5.775214107254537585e-04,3.655253346411774934e-03
-4.534110950763863002e-02,4.486439939909969699e-02
-2.111851141412544874e-02,-9.136847908522738315e-02
-5.127683157064216735e-02,1.101765272904331461e-01
-6.655857114013100442e-04,1.829827377387109599e-02
-4.784039440274787114e-02,2.960557792062228251e-03
-4.576896858710632898e-02,5.638550055959966334e-02
-2.848076139128794329e-02,6.883555881621437889e-02
-4.009744365404580707e-02,1.138924835622317222e-01
-3.609776746153295357e-02,3.373087829841636687e-02
-2.681180642678294979e-02,9.117010238195078289e-03
2.199231696655076784e-03,-2.257289415807743865e-04
2.014173365445865241e-02,1.007162032013786228e-02
-3.521685168361804452e-02,-1.588472839349050827e-02
-1.930571440400487282e-02,1.138040849674834265e-01
-2.031705954399493780e-02,-4.125665842518921184e-02
-8.355776727806459719e-04,-2.307083314637444274e-03
2.199231696655076784e-03,-2.285709597796078832e-04
-5.303622121479481880e-03,1.553842500557606372e-03
-4.159546446205653059e-02,1.853288318883783772e-02
2.199231696655076784e-03,-2.253190712015669427e-04
-3.646820120736807280e-02,3.931070541971275201e-02
-1.681068048163187473e-02,1.822854448194523649e-02
-4.537265916919643732e-02,3.654239773431760575e-03
1.049416757322063631e-03,-3.714531227994736563e-04
9.981863257036819453e-03,1.031209251751134259e-01
-1.888236582008543871e-02,2.403148648602046467e-02
-2.431714383116903577e-02,1.326078865170767992e-03
-2.806296955144581620e-02,-1.508565341754477054e-02
-1.077845507757185448e-02,-5.383165641325679714e-04
-1.653183034942447630e-02,1.711587531273977766e-02
-3.598612826328710657e-02,-2.842601131976434103e-02
-2.889150710151325296e-02,-7.667533363503876119e-03
-4.342842981697288968e-02,-4.557960173358147765e-02
3.845901485710452594e-02,6.806195325763589321e-02
-5.110456508201841053e-02,-3.048298400615842563e-02
-1.355883363186622184e-02,-3.302879913065984163e-02
-3.896742338363812577e-03,-5.349851856204391326e-04
-5.029321697755609333e-02,-1.990845646540192332e-02
-4.404970543591223142e-02,8.466401076797153147e-02
-8.763061218075546277e-03,7.794946522799708552e-03
-1.376555604235356334e-02,-2.180991314697799249e-03
-1.414763345476123708e-02,-1.997428644648753873e-02
-1.723613708803627825e-02,-9.616310079918749879e-03
2.199231696655076784e-03,-2.257289405004957248e-04
-3.859434554403617934e-02,6.043825951810243013e-02
2.199231696655076784e-03,-2.278641446112341328e-04
-8.476238900167878954e-02,8.022089073813871984e-02
-3.860226088769232178e-02,-6.678335444662598930e-03
2.199231696655076784e-03,-2.272956446739444070e-04
-9.685820304461819838e-03,1.076340795229856727e-02
-2.180844613027960177e-02,1.891159125635724636e-02
3.655951650164169196e-03,8.904802276488059734e-03
-4.447956817471410834e-02,1.619558810019915487e-02
-4.377583748624330751e-02,-1.834446904563633018e-02
-1.657280817025550551e-02,1.767091285916524285e-02
1.431415012388540797e-01,-3.302653562344139149e-02
2.144936039223638291e-03,-5.330556567774436807e-04
-3.465210156470855188e-03,-1.295484822234465152e-03
-6.631005473646789383e-02,5.873722542796430690e-02
-1.988912642664936170e-02,4.013343904367505655e-02
-1.571683636539693285e-02,-8.883459807935702515e-03
2.199231696655076784e-03,-2.291349411294107909e-04
-4.521337942684959879e-03,2.120957032658981820e-02
1.599467395458855148e-03,-5.767869070915173811e-05
-2.445324434484654613e-02,4.962662869610057897e-02
-3.885542281377449281e-02,-1.036068748767903641e-02
-4.007138063890298280e-02,-9.846853995811954974e-02
-4.230618816387025916e-02,2.412194632544621686e-02
-5.083333590092119214e-02,3.126585118174052269e-02
-6.010824474216112240e-05,-3.489847513876308607e-03
-1.457393325592156418e-02,-1.175198610196983781e-02
-7.315139765435717430e-03,2.936633434492067450e-03
2.199231696655076784e-03,-2.279970512298900328e-04
-2.407877288653165193e-02,-1.900581961318190344e-03
-1.295110979432079722e-02,4.246013968443801412e-02
2.199231696655076784e-03,-2.291349396920744298e-04
-7.551092956874264073e-02,2.236931018593536075e-02
-2.967579588872108765e-02,-2.078771552022017771e-02
-3.498671626816670516e-02,1.176709701052781366e-02
2.199231696655076784e-03,-2.279970510120902963e-04
1.553870424713968586e-03,-2.049228929506749942e-03
-4.543678464586216326e-02,4.295428946419208027e-02
-6.099023513658840580e-03,8.759275547754595548e-02
-3.324264879372237219e-02,2.466136998142345535e-02
1.479382295399834374e-03,-3.803150857608374440e-04
-2.336807901391543471e-02,3.686593668827817943e-02
-2.221910187022336017e-02,-1.401568059981447671e-02
-3.161009272877179921e-02,-9.204157773044177593e-02
-4.504908252979181182e-02,-1.225173279201798165e-01
-1.691036913831450023e-02,2.749808519558442216e-02
-3.176013189360886446e-02,9.821701738261651854e-03
-1.645617198029345613e-02,9.306984076742100265e-02
-2.804733190681907296e-02,1.125630842174312266e-02
-2.290525453543116111e-04,6.675782275386950987e-03
-6.226864759691914247e-02,2.139567363274129733e-02
-6.464003470479762203e-02,-4.357085849789466003e-02
-5.314025852084302420e-02,4.170002212263005520e-02
-4.338374987230522728e-02,2.207853251985773119e-02
-3.273666065366213213e-02,-5.974697096161982190e-03
-6.152471950808492684e-02,8.749610769002250099e-02
-5.987764311463132649e-02,1.676413311166364412e-02
-6.931952456029495668e-02,-3.958754932597860141e-03
-1.975167221937876305e-02,5.356765435978794176e-02
1.349146601410449071e-03,-8.768390490926478327e-04
-8.145079759689637100e-03,1.793093647328341048e-02
-2.426469482675026879e-02,4.571809405465422638e-02
-1.793138000026130857e-02,1.450332682373202571e-02
-3.349433050625263975e-02,-2.597562011052921560e-02
-1.486882745030295230e-02,-2.492113927457095812e-02
-7.995395572594411748e-03,9.866278056416251038e-03
-7.593176037332684258e-02,-3.785362652480138423e-02
-5.416927048436515069e-02,-1.097180465931032155e-02
-2.079385476835685087e-02,9.399425347107187925e-03
-4.895189984183966059e-02,4.170204344999270396e-02
2.194344410731632715e-03,1.001662870392324399e-02
-1.320775133440192997e-02,-3.661873599871575541e-02
-2.042667506957517379e-03,-7.191442620261474274e-03
2.199231696655076784e-03,-2.291349386755442538e-04
-3.885835298582063224e-02,1.541853263764094567e-02
-3.050043864794171888e-02,-2.450264199115309571e-02
-6.532492274250001341e-02,2.238633550002196854e-02
-3.759641130512779428e-02,6.368050843834152652e-02
-3.844541007786397846e-02,-2.903193861491543560e-03
-8.451823606631598054e-03,-1.339305497501201529e-02
-1.663696379669947489e-02,-5.510840441960841544e-03
-2.775337845044231061e-02,3.422694124177785846e-02
-2.387713403605926446e-02,-5.147360704141189063e-03
9.060978090596064419e-04,-3.421607736398307037e-02
-1.195924911359347136e-02,-2.900227776939968971e-03
-9.174606330764141851e-03,-1.177170636273219828e-02
-5.349534711515929741e-02,3.258721486928881084e-02
-4.435990091952372177e-02,3.724466014089050647e-02
-1.833012463005908102e-02,-1.586627345135829467e-02
-1.091011734386237129e-02,-1.606361561173862140e-02
-8.821850427048971710e-03,-3.555244345502613090e-02
2.199231696655076784e-03,-2.291349521151814608e-04
-3.543288252367902263e-02,4.303361335364144780e-02
-1.323826053030928082e-02,-6.219243061929826885e-03
-4.118692205982973920e-02,-5.513556546436344276e-03
-5.353267033359215832e-02,4.883801856145970205e-02
-4.471832660064076204e-02,8.437766070127228346e-02
-3.087807488363411568e-02,1.913136709547790665e-02
-5.950733570848663889e-02,5.532722169459000638e-02
-4.470443147521992178e-02,2.579363087363838181e-02
-4.360682976508405140e-02,1.582078629560018657e-02
-5.438592932102271488e-02,-2.202962587029543007e-02
-2.138714619425984009e-02,2.498130935840175287e-02
-3.993067663207272577e-02,8.487773373549003034e-03
-6.589993388020775819e-03,1.520675389477892624e-02
1.911715205803439857e-03,2.115975308210117124e-03
-1.134612799797217811e-02,1.213844660205591966e-02
2.199231696655076784e-03,-2.291011597862654644e-04
-4.904314422541086738e-02,-6.962092321483072388e-03
-1.879111687924601981e-02,-1.219647912869420078e-02
1.593900658208293603e-02,-1.875580392541006600e-02
-4.784348915035413485e-02,-2.735806684612578782e-03
-8.501176066883484039e-03,-2.236497135291329839e-03
-6.821211274389088475e-02,5.529147746962315840e-02
-2.480471797292670144e-02,2.115724850745634086e-02
2.199231696655076784e-03,-2.291011585036967951e-04
-2.810827121856649888e-02,-3.428365441110268336e-02
-2.317239909221243538e-02,5.511069058008401939e-02
-3.166039418483833356e-02,2.551604169933742450e-02
-9.822312930526046551e-03,2.284501401763996183e-03
-2.494557834290490189e-02,-7.847677485386351723e-03
-3.471369191142158195e-02,5.605092955371786950e-02
-1.624276433478621939e-02,-5.468073115355437386e-03
-1.062786666510769432e-02,-3.804903382146342453e-03
-2.456126352662359180e-02,4.202793890532639104e-02
-5.176722826816716749e-02,2.513199559243287778e-03
-1.269370451502374597e-02,6.481629420502268979e-02
-1.279624102381015857e-02,2.151997101718605698e-02
-1.655453717771714767e-02,-6.685874386470188821e-03
-2.223576435659985542e-02,2.125512759181901606e-02
-1.610633781129688913e-02,-1.294552712479073338e-02
-1.244973289383263793e-02,-4.265142685379284988e-03
-3.626263863131248821e-02,-4.887858972987131623e-02
-1.112595143920134567e-02,2.683650059360395343e-02
2.199231696655076784e-03,-2.291011596397442144e-04
-8.108217430591346808e-02,-1.861449769818535570e-04
-3.292404079617186619e-02,-3.497229418509291594e-03
-1.710751570348512801e-02,1.249324369781326487e-02
-1.511064439110670204e-02,-1.139498056515548044e-02
-2.474826225079647044e-03,3.349922535065904747e-03
-4.493760242109234165e-02,4.862547430379621227e-02
-1.418594658895204474e-02,4.726583880028022155e-03
-8.803252764880416942e-03,1.833118252621318556e-02
-4.422790714805575896e-02,7.750193878554051397e-02
2.199231696655076784e-03,-2.334494629507899747e-04
-3.875972738353760175e-03,-4.921069270673069165e-03
5.302554519704233416e-02,-5.266717384870367100e-03
-1.690032886159382325e-02,3.457839403860045457e-02
-1.174940345375127468e-02,4.410063772614935228e-03
-4.066012749111257152e-02,1.334740097576219559e-02
2.114558584968896995e-03,1.360628026853720196e-01
-1.948160254534880148e-02,9.595022086695926405e-03
2.199231696655076784e-03,-2.326848943096115918e-04
-5.396500929148704412e-02,6.283147826698187548e-03
-5.747739252459165525e-03,2.643732463463811452e-02
-2.692825362587435156e-02,-6.819482318614902665e-03
-7.409075590322497518e-02,-8.606061585339658260e-02
-2.215256625223571696e-02,-3.996352914208883139e-02
-2.564677790887847850e-02,2.334278529363663368e-02
-2.126854566615676845e-02,-2.414726420227913083e-03
-2.893504703702512448e-02,3.172308213243812958e-02
-5.538735467168080795e-02,2.273277725382828740e-02
-5.367430549703645914e-02,3.171618242210271551e-03
-1.306402630830715006e-02,-1.195929515551377893e-02
-4.192189834165206686e-02,-4.695224650587923737e-02
-4.862294858488775545e-02,2.107249450828256598e-02
-6.320134573611560502e-02,4.300211686733389910e-02
2.198093805640261023e-03,-2.225491259172342130e-04
-4.181650693445465583e-02,4.245850380770785359e-03
-1.467156390582320669e-02,-1.331661543024991595e-02
-4.316449333552711820e-02,7.515840964695159887e-02
-4.501517155712760065e-02,4.515861972266294738e-02
7.500191745615161776e-02,-2.502920786354225977e-02
-5.727803055526971970e-02,-2.584864770591589062e-02
-2.055553592408697686e-02,-5.610366674682454313e-02
-2.694387602353640748e-02,6.405947382429401371e-02
-2.735554668309434639e-02,-2.845397507814700216e-02
1.797821026444444518e-03,-7.818788934786408129e-03
-2.561318294225827658e-02,1.287152892203554388e-01
-3.428603086602000777e-02,2.794518086712256821e-02
9.014844138607662830e-03,-7.320445450778250741e-03
-5.390157459209334208e-03,1.198297869456473042e-03
-2.542728563201351183e-02,-6.917768381139824049e-03
-1.203874215334403003e-02,-1.128072283892233869e-03
2.198913547219395054e-03,-2.245472381266172101e-04
-1.580960296635749995e-02,5.452638596017410355e-02
-4.829642542251433301e-02,-2.343227230761149582e-02
-1.866333967731290816e-02,-1.975507242524502868e-02
-2.920270146797307800e-04,-5.256251840544698059e-03
2.198913547219395054e-03,-2.273892610869921013e-04
-1.640639217442914008e-02,3.519934585074083536e-03
4.027151490932281974e-02,-2.022697532835310286e-02
-7.330173409160486465e-03,-9.441768935373517913e-03
-2.845589018651531465e-02,5.679143417594463561e-02
3.723513336996757406e-02,-1.626116625502353752e-02
-1.259349906835754984e-02,7.857442916532212177e-03
-3.401076751449286228e-02,2.850464838385945165e-02
-4.474073960280618156e-02,5.449300613730716919e-02
-1.411259606869167960e-01,3.471979938217820312e-03
-7.612209102313046913e-03,-2.849158060149095673e-02
-9.267966997687532293e-03,8.566705488629103304e-03
-2.909336517828842866e-02,-4.153941608252225900e-03
-1.368019631218776039e-02,1.622010434144010790e-02
2.198913547219395054e-03,-2.273892591143560711e-04
-7.890301522348000529e-03,3.568103487713240006e-03
-7.242876859895523364e-03,-8.734519157858600807e-03
-8.427072244774505214e-03,3.001630059393505662e-02
2.198913547219395054e-03,-2.273892603499679443e-04
-4.662256691043661916e-02,-8.473363138924794660e-03
-6.938745251554737613e-03,-1.867355715310736741e-02
-7.130409964172686188e-02,-3.276726460524231194e-02
-2.224269731392983229e-02,2.824809279166345943e-02
1.322904885226966129e-03,2.192042638375976162e-03
-1.812564246686380887e-02,1.599226460588940024e-02
-6.344808431585577391e-02,-3.982227314705959892e-02
-2.499122872302770443e-02,3.971310617969313339e-02
-3.422269609170142113e-02,4.282273744754794970e-02
-3.801963126989439667e-02,4.985454174429816004e-02
2.198093805640261023e-03,-2.221316046597802854e-04
-1.673338251847401176e-02,3.464755624896694204e-03
-5.862358334807574872e-02,-1.650768683558244687e-01
-2.596730012864294224e-02,6.680090148103718165e-03
-4.465084370760467880e-02,-2.814581384727549498e-02
-1.264566338313695693e-01,-3.780804751961987925e-02
2.198913547219395054e-03,-2.245472397119358920e-04
-8.014216589305964145e-02,-4.245225873226229907e-02
-1.130386310786027707e-04,-5.139500055219427960e-03
-4.485988486239241013e-02,-3.931597058484708612e-02
-3.018784288948209160e-02,5.371703563821017546e-02
-5.372063624728490305e-02,1.024801430305360972e-02
-4.339620052810871931e-02,6.013101029196722680e-02
-6.598551385649052692e-02,-2.727815178657467393e-02
2.198913547219395054e-03,-2.245472392938141915e-04
-2.559431110514940461e-02,5.341552605713225516e-02
-3.981017902792244323e-02,-1.220507012578727485e-02
2.198913547219395054e-03,-2.273892592798356803e-04
-3.888127065223267315e-02,1.370714839700695395e-02
-9.910829170039374414e-03,3.200077420001316841e-02
4.080662207193769611e-03,-3.178976453323806685e-04
-3.662784185462419385e-03,9.658836291727437851e-03
5.203664132394005687e-03,-3.689033590408198225e-04
-3.244090922295162632e-02,4.332540138496168008e-02
-3.661720514794621073e-02,5.459241991154487050e-02
-2.113826638778414785e-02,7.915065031945607565e-02
-4.066188292599098170e-02,5.475487443725104639e-03
-3.056204805918306955e-02,1.895185673063102746e-02
-7.673831900755014729e-03,-1.128888186926246123e-02
-5.252603617836729480e-03,-5.406470006421444999e-03
-3.371636578174314058e-02,4.998583332104764021e-02
-2.254677889875139271e-02,4.503978985643294908e-02
-3.393840065444449910e-02,9.664504230195129428e-03
2.198913547219395054e-03,-2.296666384752595123e-04
-2.233958623044128219e-02,8.311141476041676969e-04
-8.135456870456046763e-02,8.489793037815600296e-02
-3.796801005323111738e-02,-1.695655575020337327e-02
4.372941593247499717e-03,-1.415499882564080422e-02
-2.203047573791031347e-02,3.607283918535193062e-02
-2.791498282937203423e-02,7.741674293005048647e-03
-4.423588284785385377e-02,-2.337446170806466855e-02
2.345811432077832444e-03,-3.510375671665842343e-03
2.490177792882545399e-02,-1.920491558120625969e-02
-2.550717343973712449e-03,6.827816634716573144e-04
1.842321992669445838e-03,1.583963231029081320e-02
-1.470197733795028383e-02,-4.802656004854187997e-03
-1.778447727190918259e-02,1.438760590666909173e-02
-1.924590915917983452e-02,-2.609733599310341129e-02
2.198913547219395054e-03,-2.286905273086295215e-04
-4.307823102290835038e-02,1.062730762261931104e-03
-3.727178799047688174e-02,5.672063466074003801e-02
-3.568845456239204406e-02,8.811671313688745205e-03
1.092216706536043927e-02,1.612487283275290673e-01
-3.191714934794325637e-02,4.139321928568823888e-03
-2.656143373572262406e-02,1.332412801501668166e-02
2.198913547219395054e-03,-2.319424205692520414e-04
3.072935989805635620e-03,6.440940610551798768e-05
-4.094670259207238566e-02,5.686231620999468439e-02
-3.933232782024149998e-02,-2.130604060969219782e-02
-3.915272315655526914e-03,7.791646618426228792e-03
-1.558777965132816280e-02,3.942785950673602380e-02
9.495945315883644322e-03,-3.142212634926076775e-02
-8.333718114834298696e-03,6.773391102930574614e-02
-4.514753314773228832e-02,5.008354134498144844e-02
6.749174935447280546e-03,6.332981929652078956e-03
-4.115722505229639505e-02,8.829443321338415265e-03
-6.934280384988165957e-02,-2.491915584137213788e-03
1.239712786898312658e-01,2.768502848219304285e-02
-4.957748025418199506e-02,-1.102887994913881869e-01
-1.348001014801118204e-02,-1.428907195245685338e-02
-1.273909228277194175e-02,-5.094476438123741839e-03
-1.223714691102312062e-02,5.391997551263277844e-02
-4.190772494595422504e-02,-4.701340640988293726e-03
-1.597215659440797547e-02,-1.381984656671956559e-03
-5.819557896495330604e-03,5.052182162369064054e-03
-5.148590043808971839e-02,5.236811624358961303e-02
-1.634350311477252710e-02,5.111180947499115168e-02
2.198913547219395054e-03,-2.273864134115385850e-04
-1.741299179999061114e-02,-2.136282600120318828e-02
-3.336451761632957397e-02,3.681211296661421762e-03
-2.915483498569011039e-02,2.899158122803216150e-02
-2.031296046070227290e-02,2.830860877701773387e-02
-4.519186452535315333e-03,-8.055015870110513593e-03
-5.681262608917025947e-02,-4.098237204793193922e-03
1.502100195566472875e-03,1.207089288781485088e-02
-6.916710622055312341e-02,6.046309547613981650e-02
-3.704174700512360974e-02,-1.087304950267594938e-01
-2.841694535256722443e-02,-1.467535502646993666e-02
-3.269867012047660004e-02,-2.310074002607676383e-02
-7.418064068631071567e-03,-4.128693895906521832e-02
1.809534360025135367e-03,-3.109336054173978000e-04
-2.613776486538049726e-02,-3.894448775570884258e-02
-2.016870925580255269e-02,-8.166289277970245966e-03
-4.427302209389710752e-02,4.924558784126550903e-02
-3.476498193685598898e-02,-1.761490434286777651e-02
-6.917619898158638980e-02,3.210880180647317228e-02
-1.626034128619862837e-02,1.113806623889722520e-02
-2.413683576197812874e-02,-5.620997895630604896e-02
2.198913547219395054e-03,-2.280412824722603522e-04
-2.062662134480015841e-02,-1.774019133311035071e-02
-1.451056323582867146e-02,1.630974432733324139e-02
1.142373164830450503e-02,1.207220701693305087e-01
-3.942236428318595526e-02,-7.443244024393511071e-02
-1.717180980441870841e-02,-2.226380576702503486e-02
-1.341526941154750144e-02,4.963494743633611005e-03
-1.798037461574746379e-02,-3.736405534926713103e-03
-1.206715258340882238e-03,5.982131118719846360e-03
5.369759839543335189e-02,-3.387820432991030251e-02
-2.732013794516113120e-02,9.986175735577418333e-03
-5.102941461692103720e-02,1.669598033192738751e-02
-2.800550465490683760e-02,2.951847482429170028e-02
-4.038106774032385743e-02,-3.116721891657613444e-03
-4.721854728384802802e-02,-6.918933129536161686e-02
-3.309106805394747969e-02,-2.526919641338824102e-02
-1.959512725941315453e-02,3.518168901062770915e-02
-1.011787321044558055e-02,3.188227492921399259e-02
2.198913547219395054e-03,-2.251992611222088537e-04
-5.190725946975505156e-03,-3.375064005704506414e-03
-1.138282854343805953e-02,1.631250949064571784e-02
-2.781212099500098706e-02,1.227183508636079832e-04
2.199231696655076784e-03,-2.280412800380278492e-04
-2.221157266762757709e-02,1.583313646609698852e-02
-5.812997681464997235e-02,1.543923122765321343e-02
2.198913547219395054e-03,-2.280412821437575023e-04
-3.147097798875681494e-03,1.982643280635107072e-02
2.198913547219395054e-03,-2.280412834442155075e-04
-3.862918991583036074e-03,2.035286376774205451e-03
1.703899076331092180e-02,7.707642163240477351e-02
-2.853463632527600963e-02,3.389244065659641897e-02
1.234045368402261408e-03,-3.108266381097663021e-04
-1.300838082181019623e-02,8.528675116497122510e-02
-5.789937053792364174e-02,2.051196653772354994e-01
-2.783125174452172335e-02,-1.860210187519999517e-02
-2.057214818726471606e-02,2.112971327126481058e-02
-3.178423844570938545e-02,4.206883814623787283e-04
-1.732804346269103957e-02,2.325528838101823502e-03
-2.722643251185605587e-02,6.077776489784184749e-02
-4.347557085930359166e-02,-1.497302118979143039e-02
-4.401259941749789510e-03,-9.755277434767464784e-03
-3.050069782057836937e-02,1.794311130697278933e-01
-4.039797550175554947e-02,-7.062691432433503350e-03
-8.293986172505787152e-03,-1.314888847641273529e-03
-2.864402294751079714e-02,-5.653496106159180273e-02
-3.564793144865127661e-02,6.264722278439416314e-02
-2.274249374755573858e-02,-1.007307759401003880e-02
-1.065361889256266278e-02,-2.837650240553134945e-02
-2.867848072680488462e-03,1.676608112958135688e-03
-5.700012712699827760e-02,1.168834881917540786e-01
-1.289651536279848819e-02,2.672456946909474145e-03
-8.081999568929059546e-03,1.488293816307332054e-02
-2.327726549681696788e-02,-2.395419815043740505e-02
-2.804386706520807862e-02,-1.180180258559629033e-02
-2.048594075707109441e-02,-7.558415809411414381e-03
-2.901309285034853712e-03,-5.553319133626879664e-03
-7.126606891282537964e-03,7.945850474116488218e-03
-8.163076277739076542e-03,6.120629291813944363e-03
-1.806367075530415645e-02,3.353728469929675993e-02
3.721152021815781093e-03,2.769999042247211357e-04
-2.418192241745932905e-02,-5.347095891596669731e-02
-3.832033779899259723e-02,8.393375931361390929e-02
-4.388588222730894356e-02,1.017867074717961409e-02
-5.491477879210507167e-03,-1.706901539402765067e-02
-5.201810964275181692e-02,-1.282041882891914002e-02
-2.764577476333166320e-02,-2.936449362019778742e-02
2.198093805640261023e-03,-2.228107040142054561e-04
-2.913593741497231063e-02,-2.978741090183010393e-02
-5.744538339727305043e-02,-4.160634379050094644e-02
1.566966069604463184e-03,2.579034623669923228e-04
-1.653620053068001472e-02,-5.199118895986976074e-02
-2.580261218095720316e-02,1.264449405437974815e-02
-1.275473945933558971e-02,-2.450731969847495806e-02
-1.940000795662307626e-02,5.611867758245722010e-02
-2.318233558208286638e-02,1.140213862075904055e-02
-1.468800383310717161e-02,1.238057252810993714e-02
-1.196330143272771561e-02,9.093078570338438901e-03
2.198093805640261023e-03,-2.228107071637360056e-04
-1.708128136831921565e-02,-1.346470212279733333e-02
2.168065925600512305e-03,5.250787007938163137e-02
-1.013157759599359053e-02,8.982035689300513562e-03
2.198093805640261023e-03,-2.228107068694375659e-04
-2.616273642053330850e-02,3.249701754640986484e-02
-1.971138857003773559e-02,4.863394580050779681e-02
-5.057015730147333687e-02,-9.385826251282713278e-03
-4.121784644020027449e-02,1.101379207830071455e-01
-5.399675475704182256e-03,-1.687552480096127239e-02
1.655783808254844905e-02,1.076252293539615990e-01
2.198093805640261023e-03,-2.228107079270112993e-04
-3.128197535734041079e-02,-7.955727786248315697e-03
-3.080436755514660147e-03,-1.933068413412946697e-03
-2.209274591717508285e-02,-1.633886222512924771e-02
-1.680976759678960014e-02,-6.581960830021655121e-03
2.198093805640261023e-03,-2.227793602737772446e-04
-2.896242327114459912e-03,1.328335715072847742e-02
-9.495570550736867621e-03,3.190621893292019950e-02
-1.426311048112644496e-02,-1.155674252179130640e-02
-3.832971466434566266e-02,3.527702681323118677e-02
-1.139430332360294972e-02,-1.701161471526298208e-02
7.751429483156286465e-04,-3.291323894930743956e-04
-3.521132641787247386e-02,5.387928150937742328e-02
-6.672224385837116634e-03,1.502587616809350230e-03
-3.865037341364853385e-02,3.411268234481736744e-02
-2.333636665428723972e-02,4.060884107481689542e-02
-4.587285459399402521e-02,3.628897122083338950e-02
-1.292266830202978486e-02,6.629433903678970744e-03
1.802559601382936610e-02,-7.204115865094024018e-02
-4.002617128595885310e-02,1.182265951615927776e-02
2.198093805640261023e-03,-2.279102382529201375e-04
-2.599899366748126273e-02,4.733130349701653722e-02
-2.136900837691708271e-02,1.441100463888920699e-02
1.061215775512321519e-01,-2.440415798973566766e-02
-3.300472916345463525e-02,4.736672127177536662e-03
-3.306559815044772532e-02,9.321687435701348640e-03
-1.300519505955877175e-02,1.242894594252986519e-02
-6.332590257525491650e-02,-1.447722110799871953e-02
-3.834576282675132564e-03,1.203305298726673606e-02
8.618788244022046463e-02,2.386669846449182911e-02
-5.153365640218671162e-02,-3.534951951361156586e-02
-2.588457461492790074e-02,7.969972495488635011e-02
-2.543884228449415363e-03,-1.052904318828656871e-02
-1.633523658921093996e-02,8.560392984670036481e-03
-3.938275173680791386e-02,3.271058441453936639e-03
-2.688284951120495370e-02,7.787553392324711790e-03
-4.488329835420638847e-02,2.796726787232136496e-02
-2.210657616532169661e-02,1.697306540580512113e-02
-6.728896796155989062e-04,3.851619992003979098e-03
-2.343859024158263804e-02,-3.283768205790218303e-02
-6.943095882653134432e-03,-2.010896039765158044e-02
2.198093805640261023e-03,-2.248935379473907784e-04
2.198093805640261023e-03,-2.248935388697579957e-04
-1.255878300326405961e-02,-9.741949801283259977e-03
-2.037205377137962098e-02,-1.590213785329918500e-02
2.198093805640261023e-03,-2.256610070279176290e-04
-7.690932025016516960e-02,3.151984595225715974e-02
-3.406725814894712157e-02,3.862316542831782662e-02
-1.407368651529285891e-02,-2.032363653760617048e-02
-3.492232262912831064e-02,-9.866803873505134923e-03
-5.098004013641893595e-02,3.293347904868828419e-02
-5.150322844213693629e-02,1.072890848013622334e-01
-3.152481206467178804e-02,4.409704684224351190e-02
-3.029601625984965074e-02,-3.017237430653810226e-02
5.863812757923954344e-02,-6.465423092999325605e-02
-1.503019985170772101e-02,3.138311058404567172e-03
-1.307771773073058454e-02,-1.247763249380251733e-03
-7.557923129292318416e-03,1.317909130848006483e-02
-2.045129489681057552e-02,2.057592174090870987e-02
2.198093805640261023e-03,-2.256610086467251476e-04
2.453713096388261683e-04,6.418356216225220082e-03
-7.296124203316159407e-02,-5.486484494477100043e-02
-3.243935869181552127e-03,-3.573896881466971914e-03
-5.086547945780518776e-02,-1.880036846414998334e-04
2.198093805640261023e-03,-2.258019848567817140e-04
2.198093805640261023e-03,-2.246640938419734062e-04
-3.670914978720457057e-03,-9.784530812936085686e-04
-5.559986384065929155e-02,8.243676043725774172e-02
-4.207259083802046551e-02,-6.511951693703994792e-02
-1.839289236462821747e-02,-1.691854018333446537e-03
-4.532099858255565078e-03,1.630874751461517530e-02
-2.959790772412865950e-02,-1.034384285752064231e-01
-4.553906727284824651e-02,2.141350693697549601e-02
-1.479381447698375346e-02,1.657140955656941084e-02
-2.298712842321299840e-02,-8.066731254629337655e-02
2.198093805640261023e-03,-2.242734633698368978e-04
-3.051708596926566708e-02,5.823343670377679332e-02
7.633492736507572346e-03,3.005782568036033733e-02
-4.817973363257467556e-02,6.747459684080822293e-03
-2.560284032946031144e-02,1.551522536012622799e-03
-2.167198837926239546e-02,-1.680602026402288479e-02
1.806689417645950153e-03,1.834821827853605480e-03
-2.579039526380077704e-02,-2.220869177502614658e-02
-3.514729726497534124e-02,-5.418239034018053346e-02
2.198093805640261023e-03,-2.245890608754185576e-04
2.198093805640261023e-03,-2.249989351577191279e-04
-4.236207974516947167e-02,1.314385037078029117e-01
-3.970038528593820837e-02,4.243083445711936900e-03
-4.726717035299833614e-02,-8.105638730887909649e-02
-4.205334997993943197e-02,-5.233727248826711143e-02
-1.269334693835384546e-03,-2.639639290195871721e-03
-5.237893074803889881e-02,3.724564699865208495e-02
-9.781567839823476079e-03,6.627670489373498064e-02
-7.836501312459934199e-02,1.553901726705044992e-02
-2.355379855337014910e-02,5.623185619239566557e-02
-3.848013012996806537e-02,-1.559480477414734029e-02
2.198093805640261023e-03,-2.245890597495014897e-04
-5.247589211156247768e-02,2.978763262503044199e-02
-1.242236375904350390e-02,7.280739182360742440e-03
-4.476739447775175684e-02,3.645062009151806004e-02
-1.576693532253125793e-02,-2.664281689198156992e-03
-2.359625128589080967e-02,5.548544515572505914e-02
6.846458419222519257e-03,-5.059739143998584487e-03
-3.289110960014186846e-02,-8.174542797539251227e-02
-4.152712613618234072e-02,2.225505347426603650e-02
-1.880263235101525821e-02,-6.730083445416371046e-02
-7.534425928865509658e-02,5.615499848845515590e-02
-2.102400835939146825e-02,1.757545168269304681e-02
-1.762226206141288831e-02,-7.956164446460696482e-02
-8.076198196493383774e-02,-1.453935747881067789e-02
-3.501195563357839893e-03,8.041539646388172480e-03
7.752303120295375542e-03,8.510219970499282791e-03
8.216797816366073343e-03,-1.800101237392746564e-02
-2.898535048981559781e-02,-4.233116747859322349e-02
-8.978741625064498577e-03,-2.278184103509544450e-02
-3.628027762798174960e-02,-1.438562227102189832e-02
-1.113794801340850169e-02,-6.261494567405841150e-02
4.780524705300226440e-02,4.420436391061819542e-02
-4.451540728745577262e-03,2.238612178034891931e-02
-2.455595492100255336e-02,3.826110724618586242e-03
-1.069634344980366705e-02,-1.783799119920187123e-02
-2.749908848216347373e-02,6.008679923210822477e-02
2.198093805640261023e-03,-2.247633892302122456e-04
-1.303023554469100523e-02,-1.293884501174392054e-03
-4.813448676251894792e-02,2.301541952238984889e-02
-1.010697585283894251e-01,3.827413655833715456e-02
2.198093805640261023e-03,-2.257661117450253082e-04
2.198093805640261023e-03,-2.247633849566775944e-04
6.956423613552261721e-03,2.165277186792420247e-02
-1.858634443158652810e-02,2.702957402995466440e-02
-2.397697922193264136e-02,-6.749543739222879299e-03
-3.125215848916576555e-03,1.546640465740236042e-03
2.198093805640261023e-03,-2.247633864418103577e-04
-5.033585705813718725e-02,-7.355967974558672018e-02
-1.591281167661073165e-02,3.737355256816920091e-04
-4.112744085259324722e-02,-1.413585787549305126e-02
-5.292113460462576774e-02,4.844830702896505813e-04
-1.721827531343974108e-02,5.302702414684992357e-03
-6.719718032070733094e-02,-5.672608362294848626e-03
-3.492002485330591294e-02,-2.976942882441455454e-02
-3.687643922698356086e-02,1.285501059315251327e-02
-8.069055139777294230e-04,1.535899681308315395e-03
-1.148949447011626303e-02,-8.284083708225978759e-04
2.198093805640261023e-03,-2.247633883043881581e-04
-1.023257725820293437e-02,-1.604062052698153329e-02
-2.915347317999516033e-03,1.475398428391424058e-03
-6.033168727274241042e-03,4.782802787098300659e-03
-2.140031306755011201e-02,1.970948714284444930e-02
-2.175119935182656672e-02,-1.259593291500127506e-02
-1.373925370617545480e-02,-2.611704401600535574e-02
-1.350790241888127213e-02,-1.223092017502830624e-03
-4.762392894122936815e-02,-4.025404094861483040e-02
-6.859310561544858242e-02,-5.582029320919579263e-02
2.198093805640261023e-03,-2.247633885617855601e-04
-2.086187904851093122e-03,7.453752118933528945e-03
-6.031475549034166772e-04,3.621016788066758457e-03
-7.134818463240966135e-02,1.124740279507774159e-02
-1.216381884498207548e-02,2.621147453399965896e-03
-5.843437573564978782e-02,-7.531052222689445762e-04
-1.899137372979251698e-02,4.420770958184899735e-02
6.826718143169016421e-03,-7.123474248391187258e-03
-4.392301596952037646e-05,7.289544247150131322e-03
5.031376303934920365e-04,-7.616785097542981553e-03
-1.685919493952512532e-02,-9.633524196591690056e-03
2.198093805640261023e-03,-2.220131292513986094e-04
-4.460700935859256144e-02,8.171821031840041660e-02
-8.957178714058870728e-03,3.243077093832931468e-02
-1.873798490682581502e-02,2.663709470749069282e-03
-3.874136606538922112e-02,4.909017927497174444e-02
-3.865741520979684709e-02,2.477896254186008618e-02
-1.939506828264196681e-02,1.558341532462693274e-02
-6.453430528337182615e-02,6.869219391972228306e-02
-2.704390980286577872e-02,-1.582059876510066160e-03
-3.507717895568469857e-02,2.893174772101095304e-02
-4.813230644739872888e-02,-4.414483102192071073e-02
-2.036630048032726098e-02,7.656759018751228829e-03
2.198913547219395054e-03,-2.300594338940759563e-04
-2.588560990919392714e-03,1.368334766305032580e-03
-5.843514654562882021e-02,-3.087369735097629520e-02
-7.166244026520019253e-03,-5.110651561719144198e-02
-3.812928605830146617e-03,-4.403841267606101693e-03
-4.021389532318164761e-02,9.662396013875398405e-05
-4.959334395168743526e-02,-5.066326682475945364e-02
1.396719469080546505e-01,-3.701690829573815733e-02
2.199231696655076784e-03,-2.317738317216153044e-04
